Anh_1: 0.000178 0.000204 0.000464 0.000225 0.000916 0.000207 0.000128 0.001004 0.000835 0.001150 0.000893 0.000625 0.000070 0.000581 0.001057 0.000035 0.000260 0.001725 0.002204 0.000797 0.001486 0.002373 0.001579 0.003254 0.002221 0.002703 0.003628 0.001045 0.002376 0.000986 0.001506 0.000677 0.000301 0.001416 0.000388 0.000055 0.000198 0.001127 0.000406 0.000248 0.000058 0.000283 0.000604 0.000073 0.000067 0.000123 0.000125 0.000018 0.000969 0.002244 0.000887 0.000207 0.003324 0.003628 0.001077 0.001316 0.001783 0.002390 0.002779 0.001448 0.000884 0.000768 0.003339 0.000079 
Anh_2: 0.001692 0.001081 0.000651 0.000606 0.000761 0.000515 0.001246 0.001757 0.000195 0.000285 0.001156 0.001266 0.000265 0.000876 0.001051 0.000611 0.002888 0.004454 0.003063 0.002683 0.002592 0.003613 0.003298 0.005510 0.001992 0.001391 0.001627 0.002597 0.001516 0.002688 0.001426 0.000480 0.000070 0.000265 0.000230 0.000090 0.000160 0.000616 0.000290 0.000275 0.000265 0.000305 0.000170 0.000160 0.000681 0.000641 0.000265 0.000100 0.004024 0.000706 0.000330 0.000180 0.002242 0.001697 0.001692 0.002983 0.001967 0.000736 0.001541 0.003608 0.002277 0.001937 0.001912 0.003453 
Anh_3: 0.000206 0.000234 0.000555 0.000172 0.000511 0.000359 0.000434 0.000496 0.000458 0.000274 0.000474 0.000458 0.000561 0.000209 0.000324 0.000327 0.000362 0.001403 0.001347 0.000443 0.000627 0.000745 0.000976 0.000879 0.001207 0.000879 0.001229 0.000792 0.000861 0.000490 0.000851 0.001500 0.000237 0.001054 0.000586 0.000125 0.000172 0.000521 0.000402 0.000225 0.000178 0.000624 0.000536 0.000087 0.000153 0.000312 0.000421 0.000458 0.000692 0.001488 0.000876 0.000250 0.000621 0.000914 0.000957 0.000487 0.000508 0.000830 0.001310 0.001017 0.001276 0.000221 0.000873 0.001737 
Anh_4: 0.000265 0.000150 0.000140 0.000520 0.000000 0.000460 0.000415 0.001106 0.000000 0.000045 0.000270 0.000240 0.000020 0.000325 0.000730 0.000795 0.000400 0.000775 0.003447 0.001576 0.000000 0.001801 0.005873 0.003882 0.000000 0.000265 0.003767 0.000930 0.000110 0.000875 0.004142 0.001986 0.000000 0.000350 0.001196 0.000115 0.000000 0.000135 0.001746 0.000320 0.000000 0.000000 0.000495 0.000115 0.000000 0.000010 0.000485 0.000395 0.000320 0.001596 0.002831 0.000880 0.000000 0.001816 0.006008 0.004107 0.000000 0.000325 0.004712 0.002441 0.000205 0.001761 0.005693 0.002221 
Anh_5: 0.000027 0.000068 0.000093 0.000003 0.000014 0.000177 0.000276 0.000010 0.000004 0.000098 0.000115 0.000004 0.000141 0.000093 0.000109 0.000070 0.000092 0.001085 0.001665 0.000009 0.000091 0.001544 0.001731 0.000008 0.000156 0.001315 0.000776 0.000465 0.001062 0.000833 0.000867 0.000631 0.000000 0.000138 0.000057 0.000000 0.000001 0.000167 0.000110 0.000000 0.000048 0.000079 0.000113 0.000010 0.000104 0.000140 0.000157 0.000065 0.000109 0.001400 0.000374 0.000005 0.000057 0.001971 0.001836 0.000014 0.000674 0.000854 0.001566 0.000073 0.000734 0.000819 0.000804 0.000583 
Anh_6: 0.000428 0.000378 0.000300 0.000130 0.000817 0.000486 0.000693 0.000312 0.000821 0.000684 0.000854 0.000232 0.000602 0.000416 0.000645 0.000529 0.000517 0.000809 0.000908 0.000143 0.001981 0.001313 0.001466 0.000515 0.002971 0.001344 0.001210 0.000449 0.001780 0.001445 0.001187 0.000490 0.000174 0.000490 0.000523 0.000054 0.000263 0.000629 0.000527 0.000031 0.000296 0.000544 0.000507 0.000225 0.000215 0.000565 0.000199 0.000252 0.000980 0.000906 0.000804 0.000134 0.002215 0.001046 0.001373 0.000645 0.001501 0.001305 0.001675 0.000525 0.001022 0.000788 0.002196 0.000794 
Anh_7: 0.000060 0.000310 0.000390 0.000005 0.000175 0.000450 0.000596 0.000130 0.000290 0.000265 0.000065 0.000070 0.000235 0.000290 0.000225 0.000325 0.000671 0.001061 0.001912 0.000150 0.000901 0.002152 0.001546 0.000691 0.001476 0.001697 0.000355 0.001181 0.003483 0.000636 0.002172 0.001752 0.000095 0.000475 0.000531 0.000035 0.000240 0.000255 0.000310 0.000095 0.000215 0.000225 0.000220 0.000055 0.000510 0.000240 0.000671 0.000295 0.000776 0.001687 0.001066 0.000160 0.001306 0.001151 0.002072 0.000375 0.001862 0.001091 0.001872 0.000320 0.002087 0.001832 0.002983 0.002653 
Anh_8: 0.001067 0.000441 0.000376 0.000426 0.000951 0.000401 0.000366 0.000326 0.000611 0.000270 0.000300 0.000696 0.000366 0.000476 0.000521 0.000676 0.002314 0.002268 0.001938 0.002274 0.001828 0.001287 0.001963 0.002774 0.001833 0.002524 0.001958 0.002694 0.001172 0.001933 0.001763 0.002048 0.000401 0.000776 0.000846 0.000305 0.000551 0.000476 0.000436 0.000551 0.000376 0.000135 0.000220 0.000636 0.000320 0.000220 0.000280 0.000606 0.004297 0.002073 0.002163 0.001107 0.003195 0.001958 0.001207 0.001307 0.003505 0.001307 0.002509 0.002574 0.001362 0.001602 0.002424 0.001512 
Anh_9: 0.000012 0.000156 0.000087 0.000093 0.000017 0.000405 0.000220 0.000110 0.000046 0.000260 0.000336 0.000104 0.000029 0.001227 0.000602 0.000255 0.000498 0.003160 0.002731 0.000330 0.000903 0.004323 0.002234 0.001192 0.001852 0.005521 0.004421 0.001892 0.000422 0.004086 0.004068 0.003189 0.000000 0.001024 0.000324 0.000000 0.000127 0.000347 0.000191 0.000110 0.000203 0.000741 0.000272 0.000226 0.000046 0.000255 0.000249 0.000069 0.000046 0.003623 0.001169 0.000660 0.000995 0.004352 0.002622 0.000978 0.001910 0.005272 0.002888 0.001678 0.001898 0.005747 0.002535 0.000700 
Anh_10: 0.001262 0.001958 0.001911 0.001982 0.001262 0.001449 0.001563 0.002456 0.001068 0.001478 0.001598 0.002210 0.000729 0.000837 0.000893 0.000249 0.001996 0.006876 0.005775 0.002178 0.002350 0.003469 0.002705 0.003182 0.001531 0.002798 0.002242 0.002517 0.000978 0.002298 0.000562 0.000969 0.000471 0.001112 0.000840 0.000237 0.000492 0.001144 0.000834 0.000202 0.000304 0.000738 0.000553 0.000155 0.000316 0.000609 0.000503 0.000173 0.001783 0.006132 0.004932 0.001832 0.001505 0.003697 0.003223 0.002400 0.000925 0.002113 0.002365 0.002435 0.001402 0.001232 0.002520 0.000281 
